[1.07717489e+02 4.45358402e+02 2.03449607e+06 4.40564215e-03
 7.31414813e-02 3.25072947e-02 3.32372971e+13 3.01255543e+01
 1.48748681e+03 1.01492475e-10 3.65173553e+06 1.74974747e+05
 8.85795854e-02 6.53234105e-02 5.55645358e+04 8.31475280e-01
 8.81222027e-02 1.69786761e-01 9.33816597e+07 9.50168499e+08
 5.41691939e-02 2.87316119e+11 6.22731993e-04 1.14773586e+01
 2.57068207e-01 4.81003895e-03 1.35086461e+04 7.02599396e+05
 3.12490295e+05 5.52392348e-08 1.34260909e-02 7.00793180e+02
 1.89148144e+14 8.09377702e+04 2.16821245e+08 5.42245641e+03
 9.22930865e+00 9.45255990e+03 1.87327221e-08 2.76825567e+01
 3.24590472e+04 1.32150632e+04 1.17481845e-02 2.09643159e+10
 1.95857119e+00 1.58423642e+04 1.26318954e+10 9.64887235e-01
 5.92049427e+03 8.35855344e+01 2.55819095e-04 4.65171008e+05
 7.49588003e+00 1.04825017e-03 1.63018723e+03 1.31714110e-03
 6.11788390e+02 5.61691186e+04 1.07883509e+04 5.87123902e-05
 1.42417663e+03 1.05857511e+03 1.57439718e-07 3.14558856e+01
 9.48507305e+01 1.33088359e+05 1.69353864e+06 2.20309991e-06
 1.42055782e-01 1.00083878e+00 5.49014188e+09 3.50618893e+09
 7.22651402e+04 1.42574738e+05 1.50972096e+12 4.00627488e+00
 4.99910325e+07 6.03950145e+10 1.32684952e+00 6.99971261e-01
 5.06091834e-10 1.49916134e+06 2.08466447e-02 7.03547170e+11
 1.00388170e-06 3.25570275e-05 4.81217201e-01 9.29812233e+01
 6.82102900e-04 6.21606457e+03 6.35071584e+02 1.20076257e+00
 4.42799714e+00 2.24106867e+01 7.80058052e-04 1.45101496e+04
 5.61937907e+03 2.66693181e+00 1.53892777e-04 6.27177354e+03]

[1.09944689e+11 9.13395981e+06 2.09409701e+14 2.50825395e+00
 1.06720744e+17 2.88297642e+02 1.93457156e+03 1.59001451e+02
 7.77521563e+07 2.70025401e+05 3.44332086e-09 2.25614649e+06
 1.06180643e-03 4.28290068e+01 1.50290683e-02 6.06930080e+06
 3.60220959e+06 3.43342135e+08 1.63573734e+01 9.46254122e-03
 4.56312849e+01 8.27379602e+08 1.56736251e+07 2.44317809e-04
 4.01271380e+11 2.65902401e+03 3.69930196e+05 1.67934684e+09
 1.05771868e+00 2.43714436e+05 4.27272761e-01 1.19697845e+06
 3.68551861e+06 3.74971900e+04 5.36938361e-06 2.55270483e+06
 3.97833643e+09 6.53804533e+07 9.02209800e-01 1.32461624e+04
 8.80189235e-01 5.92522642e-01 4.90821507e+14 7.64923931e+09
 5.54045126e+04 8.10474604e+01 1.66617129e+03 2.16015481e+07
 1.07617623e-01 6.26470446e+01 1.07738740e+08 2.36889651e+03
 1.84312503e-03 1.19558259e-01 1.13186703e+00 1.58300506e+02
 1.04973165e+00 7.45809169e+01 1.28459836e+02 4.68999896e+10
 4.29070312e+00 1.39947437e+08 6.18394442e+00 1.99637078e+08
 7.44022297e-10 2.08155251e+00 6.46812998e+03 1.55184673e+13
 6.98645931e-04 3.15742030e+00 2.68364774e+01 9.70065020e+06
 8.98210028e+00 4.28990502e+05 4.13079947e+07 5.64478621e+18
 8.16336301e-04 7.52201869e-03 8.82753795e+06 1.00513629e+03
 1.32551674e+04 6.14218230e+10 2.11300843e-04 2.27253641e-02
 4.59634197e+08 9.84959569e+15 1.05020889e+03 1.16685837e+00
 1.58832284e-05 7.54022960e+05 2.69354891e-05 1.79853647e+06
 1.84911681e+00 6.39911026e+01 6.35638706e+04 1.08370095e-02
 6.55051480e-04 5.41932064e+09 2.69028380e+14 4.97748189e-01]
